9.792007871503471961e+01
8.736637574365552439e+01
5.204702962189171700e+01
5.413808054660673008e+01
3.779684660620618075e+01
5.968344354458117351e+01
5.498697207168159196e+01
8.631946588802632903e+01
5.344426374402836188e+01
4.330744263324176302e+01
3.493714081005277308e+02
1.165927213870444348e+02
9.830130988565534267e+01
9.373126377887442118e+01
1.093770338870774452e+02
6.472418758375803804e+01
1.570078017589836179e+02
2.547610980317560916e+02
4.891394108895860882e+01
4.425755647923641334e+01
2.994525981137680049e+01
5.884542101269132530e+01
3.222864275798467304e+01
2.175368885587820387e+02
9.297718320285810023e+01
5.631093697446229385e+01
2.388754101733282198e+01
1.155970247301357006e+02
1.805216985009349457e+02
3.896666611311069062e+01
3.080749136687598977e+01
6.239389239837380075e+01
2.485449279282345572e+02
9.458668404475386637e+01
1.912077022337937819e+02
7.958227201366194947e+01
7.280574050785745044e+01
3.805027306123986932e+02
1.343807934740579242e+02
2.502205313218453853e+01
6.786661310104118172e+01
4.783420015894288468e+01
9.270983180749954045e+01
1.330227777478562246e+02
6.234929132121488493e+01
1.027725559715520518e+02
6.867224123593884144e+01
1.522334210731154371e+02
8.209696118948248511e+01
4.711234808523763036e+02
6.613985524074594480e+01
2.268514195216406222e+02
2.698244803718295870e+01
2.413652864798509654e+02
2.965006445015563941e+01
4.349536651786564789e+01
1.643864387808150127e+02
1.257700591275237656e+02
7.540762421281976913e+01
2.042755813156341844e+02
7.429084682745175883e+01
3.015520602552757055e+02
9.468912796783223484e+01
9.309683582260063872e+01
1.265602033562284277e+02
6.355974619780079138e+01
1.498524954654360215e+02
6.519336496989764385e+01
1.067813631664198510e+02
7.251203223824487054e+01
1.078610863020823558e+02
8.141841745627444027e+01
5.610164129300581237e+01
5.066373464989341358e+01
3.693690255495149444e+01
7.434307466165137157e+01
1.242294942092883616e+02
2.651535538130631053e+01
1.254859857905311884e+02
1.082729084832510580e+02
6.814694755040225971e+01
3.581255056115005431e+01
2.558784793452895485e+02
6.816434702033933490e+01
6.057142098075306080e+01
9.927007891485345681e+01
8.341778362304795280e+01
1.663919711816404856e+02
1.798108527338337694e+02
9.415896304305540809e+01
9.406526348051502850e+01
9.688666104117328359e+01
9.750683866422916424e+01
2.293242590962216809e+01
1.460846681856334328e+02
6.909792308462098731e+01
1.759989396369880126e+02
6.551785887977027301e+01
1.292885639221271674e+02
6.807485605963069020e+01
3.183619319367999267e+01
3.417506797877605322e+02
1.495460509118078960e+02
6.596890793979761725e+01
4.423231571949946783e+01
9.763709073443871489e+01
1.055668051393824101e+02
2.480586345499944798e+02
9.913485703871680244e+01
5.098966234440126044e+01
2.021179928031680220e+02
1.203881266099350569e+02
2.795634373743453338e+01
8.845805093628749205e+01
8.535101602127281240e+01
4.237450713327893936e+01
4.163697190868029452e+01
9.423030324914029165e+01
5.250370379402947663e+01
3.630743660864922617e+02
2.904076841267319082e+02
4.831674385030954966e+01
8.737470300828947245e+01
4.427816878793416322e+01
1.379205152817918645e+02
1.508627018721467721e+02
6.249138902068902723e+01
4.797078035500923932e+01
4.469594070269929631e+01
1.726904947319656287e+02
1.019773725623871172e+02
7.281367399655432848e+01
1.394389681979557736e+02
5.039468266274717223e+01
4.169806215357093038e+01
5.750393161135828990e+01
5.133108781970531709e+01
4.374252238945126692e+01
1.013564308037179700e+02
7.358463433021636035e+01
1.856178610809640261e+01
1.127667268407807200e+02
2.317579463118611045e+02
5.607406025333725097e+01
7.304133798035819325e+01
7.993849169082017170e+01
6.590728445525871848e+01
7.275546196528922849e+01
8.679559544004473537e+01
6.151017738619780317e+01
