1.308532152306250680e+02
2.090518429245067864e+02
8.532622288430249569e+01
4.093445868281072819e+01
4.741843218403283799e+01
1.278348654248273277e+02
1.327748321848036994e+02
7.204028817191387191e+01
7.329671056822961361e+01
1.526730522232482770e+02
1.252783758841804627e+02
5.896258697846252517e+01
1.143680829191526129e+02
7.786126298085510200e+01
1.203071096244023153e+02
4.839111153692720535e+01
1.360300540207490769e+02
8.618585222452172445e+01
4.204020248835842466e+01
6.222302480661271318e+01
3.368577422367636132e+01
1.582357337292461352e+02
1.282924300253805256e+02
1.676747134058936126e+02
2.908661345007578447e+01
4.899393943994802214e+01
1.806323867707921806e+02
9.956371528007379368e+01
6.110481806150939832e+01
5.152182323970605893e+01
1.182214950451008662e+02
1.550758580393329851e+02
1.192706405746470466e+02
9.427958481257640244e+01
1.069157078073639013e+02
7.643137594200379681e+01
4.826371481678796016e+01
1.069751156954988289e+02
2.689339903411394062e+02
1.481234506668293989e+02
7.232779010799896469e+01
2.062886498745199759e+01
8.671040403226737681e+01
1.799201028700284724e+02
1.619781539166624214e+02
1.914223166510844720e+01
3.664556019843918193e+02
1.829098893760516091e+02
5.312319352709816656e+01
5.750740894052493246e+01
2.957751990011993826e+01
1.665982316320856285e+02
4.738667101573160068e+01
2.310463107421337980e+01
3.306609528506757556e+01
1.102796510323131542e+02
8.711026039467353144e+01
2.516346937207142673e+02
5.492702902860475689e+01
3.559349111250690356e+01
1.090801702267957580e+02
2.903253556090470155e+01
6.813945682614790655e+01
4.186820368779401633e+02
8.288633547980111871e+01
8.670372536708657663e+01
6.915245747098170170e+01
6.234142518545804279e+01
5.300112491429324990e+01
1.401552267637942748e+02
1.326013265685877514e+02
5.506581459213238361e+01
1.347746771275681965e+02
7.514315197714184080e+01
1.286529395086124055e+02
1.555855766137944158e+02
1.130264052644079413e+02
6.727440954281289009e+01
4.493006313805175012e+01
2.490761036072758827e+02
9.348539146156116431e+01
1.547565489765997881e+02
3.864166591728731248e+01
1.033023472019159641e+02
5.248313095013616447e+01
3.322805738777145024e+01
1.131949676545777663e+02
2.662017144518713962e+01
6.028952014463297360e+01
4.031912109637304553e+01
5.237472875038767484e+01
6.698836368932479957e+01
2.179830884086035070e+01
2.944602077776754712e+01
1.720667547662682466e+02
1.365668946587960875e+02
6.257764384357263765e+01
4.046646160014729787e+01
5.720502111369989251e+01
7.817026033904434712e+01
5.251037819556158581e+01
5.521105047371970187e+01
1.237082613179640305e+02
1.117695921286356082e+02
6.053956805529545449e+01
2.166806983783249052e+01
7.497470193380651438e+01
8.483818537978299901e+01
6.516053495746417923e+01
3.037035270137285536e+01
6.555698157735207587e+01
1.606834571365073430e+02
3.148157872641072572e+02
8.099496861799613612e+01
7.161163503245130357e+01
5.778944710895927983e+01
1.313405422274737191e+02
1.675999126531055481e+02
5.186102908312005866e+01
7.242409831480560456e+01
1.048708792006847972e+02
7.890248889276887212e+01
1.519157225767086459e+02
1.419108609367037843e+02
6.120214019550152074e+01
3.008084621947256920e+01
1.708106831962494425e+02
3.416072623982976211e+02
3.714524384747862484e+01
1.410386955049545747e+02
1.719561857061013654e+01
6.040054790705742960e+01
6.560821670802738481e+01
1.506469949204259819e+02
9.795343471911240840e+01
1.472189402545602661e+02
1.720011448228750339e+02
2.084873412602943432e+01
6.405776016177451027e+01
6.348367814508023343e+01
5.964372670010977373e+01
2.112347779170063333e+01
1.297988104379086565e+02
7.947337856521910737e+01
1.114974241321943538e+02
1.975561294619464547e+02
1.016061166900976787e+02
4.649227123968530151e+01
5.838591172327933521e+01
8.976093133637074573e+01
2.964123163363043645e+01
5.585249214378296045e+01
8.397363543057808499e+01
5.490778434914575712e+01
2.579865653082271848e+01
7.789768434405968378e+01
6.931886674573068774e+01
1.520901150212971800e+02
2.177726730100838211e+02
3.857428892170131718e+01
1.780728735856731362e+02
1.418432516147757099e+02
1.111779898585111397e+02
2.553574776462836837e+01
1.704787692226319962e+02
7.570272063752061342e+01
1.986696126540221314e+02
1.375954193762377145e+02
5.139614055258817160e+01
1.852798293301286492e+02
4.856249883766167841e+01
1.678792092298384020e+01
3.167805053314111419e+01
1.781919729057300685e+02
3.496607910599382052e+01
7.989334002888568875e+01
7.443767164618196830e+01
3.019038571308842123e+01
1.014607610423662720e+02
6.286730897166728482e+01
1.542103980368504210e+02
4.873483169246821234e+01
7.511491841692898674e+01
8.434037220307862981e+01
1.781916251314861768e+02
2.660005427604324382e+02
2.340237392427125940e+01
1.516157127768784392e+02
5.656883563694835715e+01
1.162905250441915825e+02
3.709793541973196511e+02
4.715280005513530881e+01
9.598072825406151765e+01
7.486027522358713782e+01
9.198751900196275244e+01
8.259212526667801058e+01
1.168355658112650701e+02
3.153563178963405562e+02
6.832014451353501272e+01
4.902285733853518224e+01
1.556467256677723299e+02
2.364765979430900131e+02
8.848452461923173473e+01
3.517922204986666657e+01
3.243746773468306799e+01
5.585129777701666143e+01
1.196120260660537582e+02
1.275000730201840895e+02
5.526683040341048070e+01
4.361081458004926503e+01
1.419221369246703546e+02
7.437180254093081544e+01
8.680954779641810148e+01
5.413533249893665555e+01
1.400310111578868089e+02
6.891190720055917041e+01
3.837048195524987904e+01
6.331112206283785326e+01
2.821178582099419714e+02
1.305096958251988326e+02
1.027197455981286112e+02
5.387096006555847794e+01
1.419472459330314393e+02
1.020807924484603433e+02
1.022190962197286410e+02
2.502062472754630846e+02
1.913797870902813969e+01
6.818545923094073657e+01
1.955934391166799173e+02
6.878589731302140819e+01
1.005215848812219690e+02
2.130886460636120034e+02
2.365857295938159552e+02
1.005477369459325701e+02
4.818490980463346318e+01
1.051161267465838876e+02
1.003556511589302715e+02
6.945926742477564630e+01
2.377598897825442137e+01
9.154564076250505877e+01
1.020484259237200888e+02
7.002226150514795222e+01
1.588900789490267869e+02
1.530041673304609446e+02
6.671228346029536738e+01
1.279792548075459422e+02
3.352828233384165912e+01
4.487379714712037782e+01
9.103646974636598088e+01
5.050839750929485916e+01
